28084
4570
4409
4476
4247
4436
4553
4414
50424
50383
50172
49929
49856
49846
49903
50115
27691
27598
27397
12020
12269
12339
12372
12281
12162
12266
12422
12202
42565
42785
42654
42593
42515
42479
6747
22066
22097
22302
22485
64431
64629
64560
64502
64624
64729
64754
64941
65110
65038
6806
29398
29537
29422
29531
29369
29596
29828
29947
29813
30032
30219
30292
30468
30408
30604
30536
1906
2031
2237
2232
45930
45797
45861
45998
28598
28440
28293
28145
28003
27831
28064
28209
28044
28211
28077
28242
28251
28125
51730
51627
51667
51769
61098
61350
61384
61163
61340
51175
51350
51534
51733
51582
13837
13831
10473
10298
13565
13316
13445
13482
13374
13259
13209
13129
47238
47036
1212
24867
24812
24713
24879
24781
24693
24590
24343
24459
24550
24777
24538
24327
9893
9903
9678
9799
9694
9820
9991
9777
9868
9934
10036
9907
9716
9527
9639
9758
36478
36692
36496
36253
36028
14634
14640
14832
14995
15103
15238
15087
19771
20173
20284
20300
20462
47466
47301
47375
47353
47452
47583
47688
64610
30018
29919
29744
51937
51896
52071
52065
52019
52234
52259
20796
57659
23556
23385
23196
23373
23403
930
759
913
756
841
866
849
1036
857
1095
715
928
931
989
819
698
636
54599
54462
54464
54462
54541
54361
54496
55334
55087
55225
55133
55167
17287
17320
43153
42989
43041
42855
43101
43162
42906
42694
42943
43124
9863
13497
13317
13381
33484
33595
33837
51154
38243
38010
37952
38162
38352
38209
64416
64246
64117
64321
64200
35561
35674
35525
35647
35882
35887
35904
62216
62273
62275
14498
52671
59868
59839
59701
59607
59717
59883
59926
60177
59921
59705
59838
59596
59428
59302
63474
4005
4039
4157
4093
3941
3854
3971
4043
4156
4126
3947
4028
52811
17752
17618
17604
17472
42000
42118
42100
42005
11149
11230
11225
11232
3116
3348
3558
3550
3785
3949
22402
22637
22578
22419
22441
22478
22424
22615
22583
22636
22715
22528
22696
22552
22786
22907
22730
22779
21078
6699
6849
6891
7099
7332
7586
7511
32544
32370
32159
32302
32283
32195
5612
5457
5587
5827
5703
5579
5463
34056
16776
16621
64326
31109
31332
31139
42477
42395
42237
42472
42712
42503
42632
42412
42422
56211
55957
55954
55918
34578
28755
33524
33709
33730
33548
33313
15217
15226
15400
15462
15377
15136
25572
25364
25440
25190
25204
7884
11292
11238
11165
61550
59883
59800
59606
59816
59642
59446
59280
59077
44128
44028
44079
32777
32950
36505
36467
36661
36641
36773
36930
36750
36566
36643
36842
36832
36748
36921
36836
36755
7785
7823
7906
8146
56010
56113
56281
56060
58750
58858
58835
58662
9840
10016
23358
65340
14421
14353
14258
37365
37348
37400
37282
37155
36994
37160
17093
17201
39735
39524
39318
39149
39198
39427
39225
39265
39172
39093
38896
38926
39075
39149
39359
39350
39298
39086
57206
57269
57510
57662
57723
57786
57989
58171
58218
58440
58687
58634
58382
58130
57932
57865
57979
57949
57873
58077
5365
17013
17093
17232
16987
16823
16582
16411
16626
16658
16892
16777
37083
30626
30511
30292
30309
30131
34414
34597
34731
34669
34734
41160
41213
41161
41019
40908
41158
41242
41234
41317
41275
41383
41567
41642
41450
41295
41478
41338
41182
41412
41301
41240
41187
30429
16795
16874
31699
31691
55004
55170
55102
4010
3899
3665
52305
52200
52273
52431
52239
52260
62369
62397
62612
44943
44773
44848
35439
36996
36771
13158
44988
61901
61768
61573
61711
44658
44410
44513
44587
44710
44882
44689
44508
44424
44396
44513
44385
44231
41439
41219
26018
26050
25984
25963
26087
26284
26306
26273
26264
26189
26439
26389
26268
9327
9216
9189
8987
8926
9100
9236
9174
9230
9355
9311
9545
9592
9620
39156
53428
53463
53211
53612
18887
26624
26434
26343
26376
26266
26410
4088
8960
8768
8635
8809
9009
8915
8825
8956
9081
9093
9030
9085
39706
39668
39844
39818
39861
39849
39746
39505
39377
39551
61986
61954
12699
25826
26079
25849
25623
25490
25294
16215
16173
16189
16416
16394
16453
16225
6214
6257
6243
6218
6304
35866
63776
63822
63664
63746
63837
63866
63770
63560
63593
63671
63823
63810
63879
63765
63603
63470
63696
63812
63835
63642
63686
63465
63631
63772
63862
63682
63546
63547
63678
63800
63870
64096
64152
64355
64488
64532
64615
58935
45459
45283
45125
45361
45168
44922
44686
44827
44755
20140
20226
20252
20471
42083
42130
42043
42107
42219
42232
42277
42342
53188
52979
52964
53181
53140
53355
53591
53403
35700
9995
10193
10266
10343
10328
10222
10364
10404
10211
10277
10361
10271
10517
10364
10356
10471
10233
10313
10340
10199
10008
22282
57669
57763
56219
56333
56346
56275
56357
56611
29117
29153
29271
6024
5873
5909
18288
18118
18321
18101
18061
18227
18356
18193
17967
17713
17654
17723
37794
37832
37585
37725
49145
48952
48876
48635
13759
13930
13836
13790
31087
21795
43777
43652
43579
64518
64419
33062
32875
32928
33077
17041
17002
34924
34756
28617
28572
28487
28613
13497
25635
25724
25897
26035
25794
10580
10351
10163
52362
52134
56402
56530
56770
56630
56537
56593
56362
56170
55985
56081
56253
56091
55979
56073
9289
9430
9440
9315
9370
60136
60090
59972
21098
57494
14934
2205
2012
1878
28553
28412
28219
28243
58161
58032
58070
58016
13723
13828
40868
41100
41217
41159
4866
65177
65305
65154
65241
65342
65381
19364
19522
26804
12572
12476
197
50
87
46062
46271
40842
40813
575
666
683
38939
38733
38597
64799
7010
6976
51843
51877
51994
52091
52232
52093
52274
52205
52181
52409
8062
8157
8184
7929
7929
7847
7778
7859
7761
7709
47398
47423
47327
47175
47428
47583
47714
59114
58887
63787
63939
24011
23771
11226
11152
9736
9927
10113
10348
10284
15546
15646
29586
29720
29530
29748
29778
29591
43449
43283
43366
43587
43769
43745
43968
43957
43987
58225
58010
57814
57793
57664
3000
2808
41707
41778
46518
46629
36494
36389
36546
58856
43612
43622
43633
60759
64113
64037
64280
64282
64415
64416
64444
64248
64000
63929
63680
63578
38812
38853
14982
14906
14820
36585
36476
65390
65147
65193
65360
47275
47505
47412
47219
47241
47368
55939
55753
55737
55726
55481
55383
55586
62413
62508
