27877
27922
27921
8605
8676
8739
8855
8808
8767
8883
8893
8793
8908
8832
8958
22743
22790
22784
22789
22750
22641
22549
22464
22446
14975
15097
10860
10920
10963
10851
10968
10955
10901
10962
11002
10952
10856
10786
10813
10883
10937
10939
10822
10836
10742
10815
10914
26601
26696
26589
26522
26602
26727
26689
26701
26791
26765
26720
29354
29361
29303
29293
29213
29101
29135
29156
29274
29178
288
383
500
420
322
368
349
276
240
252
33461
33534
33564
33574
43342
43300
43304
43382
43480
43494
43504
43607
43658
43588
43677
43783
43809
43681
43789
43725
59105
58977
58859
58765
58659
64249
1804
1810
1793
1862
1783
1661
1782
1777
1800
1913
1794
1847
1912
1959
1882
1935
1972
1864
1818
1761
1662
1727
1780
44454
13900
13976
14012
13995
14091
14016
31623
31525
17170
25296
25258
25273
25227
25330
25392
25435
5842
18710
18669
18779
8901
8801
28379
28264
28223
50363
50354
50266
29244
35044
35141
35160
35033
35000
34880
26949
26835
26870
61481
61594
63291
20975
20995
21109
21182
21146
21057
21053
20950
1920
1906
1836
1851
1807
1859
48088
48109
48181
48270
48211
48237
48223
11993
11964
12057
12039
11995
12107
12085
12017
11961
11921
12027
12100
12093
12141
12031
12075
12004
12043
11957
38566
38522
38527
38490
38458
38348
38345
38304
19779
51130
26222
49973
50017
49987
50017
25553
28091
27991
27985
27970
27888
42166
42092
42099
42151
42193
42167
42150
35067
4977
2104
2067
2139
2225
2325
2330
2442
2321
2226
2189
2208
2129
2142
2232
2263
2352
53461
53390
53480
53442
53333
53425
53421
53354
1280
1363
1282
1203
1168
1242
1299
1245
1261
1352
1257
1378
1355
18784
27186
27308
27257
1854
1903
2022
2072
2015
1888
1969
2045
510
515
610
554
603
52626
20888
20791
35517
35598
35688
7503
7560
7528
7438
7498
7582
7678
7595
36766
36817
23618
23617
23532
23603
23525
23454
23446
23518
51629
30155
30210
30167
30247
30215
30272
30156
30132
30210
30161
30117
30147
30084
42254
42349
42330
42445
42383
42493
42474
42465
42417
42466
42487
42542
42544
42612
9634
9618
9525
9649
9701
9732
9754
35893
32814
1554
9673
9730
7773
7650
7733
7764
7697
7801
7739
7656
7696
7720
7801
7733
7832
7824
7837
7736
7681
7621
15591
15547
15431
15524
15624
15692
15619
15608
15561
15644
15600
15543
15589
51896
51806
51775
51748
51747
51837
51755
51630
51570
51482
51419
51326
51435
51521
28715
28824
28918
28855
28970
28996
5369
5288
64457
64402
64503
10774
10856
33048
33100
33060
33043
33140
33258
49611
49571
49591
57411
57427
57380
57303
57281
57313
57247
57268
57195
57305
51362
15176
15140
15026
18754
18649
18680
18675
18736
18681
18800
18750
18772
18874
5288
5372
5273
5390
5362
5447
5527
50283
50242
50175
50238
50216
50103
50204
24664
37935
37875
37845
37726
37635
37699
37704
37718
37610
37726
37602
37691
37635
28858
28762
28845
28862
28929
28851
28826
28843
28966
28957
28987
28977
28985
44112
44027
14043
14120
14239
57252
57231
57234
57163
43754
43826
43882
46472
46380
46275
46197
46127
46119
46116
46213
38386
38404
38483
38509
38421
49673
49794
49725
49628
49550
49489
49399
49432
49548
49464
12403
61072
60958
60965
4708
4813
4781
4853
4969
4998
62780
62890
30854
30810
30769
30707
3549
52646
52550
52596
52582
52549
52496
52372
52292
52289
52337
52374
52439
52526
8260
8329
8359
30744
30729
30726
30682
30678
30608
30570
57956
57847
57747
57766
57876
52618
52698
52700
52684
55185
55166
55201
55085
55039
54951
55075
55027
54927
54874
54924
54833
54810
36947
46738
42425
42546
42551
42521
40330
40375
40252
40166
40289
40193
40241
40149
40268
57267
57299
57172
52662
52608
28147
28231
47325
47291
47176
59836
46536
46456
46416
46388
46445
46431
46558
46437
39793
39706
44356
44323
44285
44305
44348
44317
24305
24320
24219
24304
33484
33486
23567
23531
23658
23616
3073
3094
3056
2944
3068
3014
2922
44287
44245
44133
44079
43987
44023
44034
4671
4576
4533
48050
47937
47922
47812
47887
47766
47822
47886
47849
59891
59843
59784
59808
59900
62051
61952
24643
34054
34140
34159
34233
34282
34379
30050
29983
29994
29868
29752
29633
29523
29426
29357
29372
29497
29443
29563
29575
29582
29543
29530
29523
41234
41211
41150
41223
41302
9353
9312
9339
9219
9213
9127
31376
31427
31489
31447
31349
31429
54651
8497
8444
8431
8374
8445
8376
8357
8311
8277
17743
17684
49033
48938
49000
48968
48902
48999
10533
10479
10388
10320
10262
10168
56514
56416
56435
56524
42320
42269
42168
42065
11013
11126
11057
10936
11050
11078
11019
11129
11082
10970
11015
10931
11030
10973
11077
11115
10989
10922
11003
10971
10896
10853
10772
10872
10834
10885
10896
10810
10844
682
651
771
810
812
738
829
15928
15806
15686
15651
37382
332
394
275
402
517
55261
55274
55332
55424
55409
55445
55565
55627
928
843
792
872
747
834
929
997
991
52726
37953
38001
38101
38082
38074
38010
38003
38039
38046
38167
38119
38135
38256
38219
38150
38135
38079
5275
5185
5167
5141
5042
10407
10453
10383
10436
10432
10484
10421
10544
10522
10495
10408
10441
10346
10459
10543
10645
10754
10686
10694
40130
40063
40168
40225
40255
40317
40322
40396
41809
13444
13437
3765
3792
3737
3800
3876
3775
3811
3707
3585
3616
12912
12846
5473
3243
57400
57429
57502
9468
33930
33867
33869
33961
33968
15744
7134
51171
51188
51286
51233
42787
42760
59652
59668
59698
54753
54879
64387
64343
64367
64399
64502
64597
64641
64628
64650
64550
64583
35034
35003
34899
34815
34791
27774
8308
8237
8333
8205
8276
21433
21498
21545
21496
21445
21437
21368
21399
21349
21325
21254
21229
21135
21058
20976
20926
63969
63916
63806
63784
63713
4283
63610
63711
63699
63760
63784
54908
36298
36311
36239
36133
36173
36277
36322
36260
36347
36436
36313
36230
36299
36226
36324
36387
36278
36227
36226
36234
62016
61929
62048
33188
33132
33168
33133
33023
32918
32938
44983
22791
22888
22811
22925
22888
50600
50598
50671
50578
50539
18959
18949
18070
18139
18223
13186
13189
13264
15553
29040
28929
55248
27877
27922
27921
8605
8676
8739
8855
8808
8767
8883
8893
8793
8908
8832
8958
22743
22790
22784
22789
22750
22641
22549
22464
22446
14975
15097
10860
10920
10963
10851
10968
10955
10901
10962
11002
10952
10856
10786
10813
10883
10937
10939
10822
10836
10742
10815
10914
26601
26696
26589
26522
26602
26727
26689
26701
26791
26765
26720
29354
29361
29303
29293
29213
29101
29135
29156
29274
29178
288
383
500
420
322
368
349
276
240
252
33461
33534
33564
33574
43342
43300
43304
43382
43480
43494
43504
43607
43658
43588
43677
43783
43809
43681
43789
43725
59105
58977
58859
58765
58659
64249
1804
1810
1793
1862
1783
1661
1782
1777
1800
1913
1794
1847
1912
1959
1882
1935
1972
1864
1818
1761
1662
1727
1780
44454
13900
13976
14012
13995
14091
14016
31623
31525
17170
25296
25258
25273
25227
25330
25392
25435
5842
18710
18669
18779
8901
8801
28379
28264
28223
50363
50354
50266
29244
35044
35141
35160
35033
35000
34880
26949
26835
26870
61481
61594
63291
20975
20995
21109
21182
21146
21057
21053
20950
1920
1906
1836
1851
1807
1859
48088
48109
48181
48270
48211
48237
48223
11993
11964
12057
12039
11995
12107
12085
12017
11961
11921
12027
12100
12093
12141
12031
12075
12004
12043
11957
38566
38522
38527
38490
38458
38348
38345
38304
19779
51130
26222
49973
50017
49987
50017
25553
28091
27991
27985
27970
27888
42166
42092
42099
42151
42193
42167
42150
35067
4977
2104
2067
2139
2225
2325
2330
2442
2321
2226
2189
2208
2129
2142
2232
2263
2352
53461
53390
53480
53442
53333
53425
53421
53354
1280
1363
1282
1203
1168
1242
1299
1245
1261
1352
1257
1378
1355
18784
27186
27308
27257
1854
1903
2022
2072
2015
1888
1969
2045
510
515
610
554
603
52626
20888
20791
35517
35598
35688
7503
7560
7528
7438
7498
7582
7678
7595
36766
36817
23618
23617
23532
23603
23525
23454
23446
23518
51629
30155
30210
30167
30247
30215
30272
30156
30132
30210
30161
30117
30147
30084
42254
42349
42330
42445
42383
42493
42474
42465
42417
42466
42487
42542
42544
42612
9634
9618
9525
9649
9701
9732
9754
35893
32814
1554
9673
9730
7773
7650
7733
7764
7697
7801
7739
7656
7696
7720
7801
7733
7832
7824
7837
7736
7681
7621
15591
15547
15431
15524
15624
15692
15619
15608
15561
15644
15600
15543
15589
51896
51806
51775
51748
51747
51837
51755
51630
51570
51482
51419
51326
51435
51521
28715
28824
28918
28855
28970
28996
5369
5288
64457
64402
64503
10774
10856
33048
33100
33060
33043
33140
33258
49611
49571
49591
57411
57427
57380
57303
57281
57313
57247
57268
57195
57305
51362
15176
15140
15026
18754
18649
18680
18675
18736
18681
18800
18750
18772
18874
5288
5372
5273
5390
5362
5447
5527
50283
50242
50175
50238
50216
50103
50204
24664
37935
37875
37845
37726
37635
37699
37704
37718
37610
37726
37602
37691
37635
28858
28762
28845
28862
28929
28851
28826
28843
28966
28957
28987
28977
28985
44112
44027
14043
14120
14239
57252
57231
57234
57163
43754
43826
43882
46472
46380
46275
46197
46127
46119
46116
46213
38386
38404
38483
38509
38421
49673
49794
49725
49628
49550
49489
49399
49432
49548
49464
12403
61072
60958
60965
4708
4813
4781
4853
4969
4998
62780
62890
30854
30810
30769
30707
3549
52646
52550
52596
52582
52549
52496
52372
52292
52289
52337
52374
52439
52526
8260
8329
8359
30744
30729
30726
30682
30678
30608
30570
57956
57847
57747
57766
57876
52618
52698
52700
52684
55185
55166
55201
55085
55039
54951
55075
55027
54927
54874
54924
54833
54810
36947
46738
42425
42546
42551
42521
40330
40375
40252
40166
40289
40193
40241
40149
40268
57267
57299
57172
52662
52608
28147
28231
47325
47291
47176
59836
46536
46456
46416
46388
46445
46431
46558
46437
39793
39706
44356
44323
44285
44305
44348
44317
24305
24320
24219
24304
33484
33486
23567
23531
23658
23616
3073
3094
3056
2944
3068
3014
2922
44287
44245
44133
44079
43987
44023
44034
4671
4576
4533
48050
47937
47922
47812
47887
47766
47822
47886
47849
59891
59843
59784
59808
59900
62051
61952
24643
34054
34140
34159
34233
34282
34379
30050
29983
29994
29868
29752
29633
29523
29426
29357
29372
29497
29443
29563
29575
29582
29543
29530
29523
41234
41211
41150
41223
41302
9353
9312
9339
9219
9213
9127
31376
31427
31489
31447
31349
31429
54651
8497
8444
8431
8374
8445
8376
8357
8311
8277
17743
17684
49033
48938
49000
48968
48902
48999
10533
10479
10388
10320
10262
10168
56514
56416
56435
56524
42320
42269
42168
42065
11013
11126
11057
10936
11050
11078
11019
11129
11082
10970
11015
10931
11030
10973
11077
11115
10989
10922
11003
10971
10896
10853
10772
10872
10834
10885
10896
10810
10844
682
651
771
810
812
738
829
15928
15806
15686
15651
37382
332
394
275
402
517
55261
55274
55332
55424
55409
55445
55565
55627
928
843
792
872
747
834
929
997
991
52726
37953
38001
38101
38082
38074
38010
38003
38039
38046
38167
38119
38135
38256
38219
38150
38135
38079
5275
5185
5167
5141
5042
10407
10453
10383
10436
10432
10484
10421
10544
10522
10495
10408
10441
10346
10459
10543
10645
10754
10686
10694
40130
40063
40168
40225
40255
40317
40322
40396
41809
13444
13437
3765
3792
3737
3800
3876
3775
3811
3707
3585
3616
12912
12846
5473
3243
57400
57429
57502
9468
33930
33867
33869
33961
33968
15744
7134
51171
51188
51286
51233
42787
42760
59652
59668
59698
54753
54879
64387
64343
64367
64399
64502
64597
64641
64628
64650
64550
64583
35034
35003
34899
34815
34791
27774
8308
8237
8333
8205
8276
21433
21498
21545
21496
21445
21437
21368
21399
21349
21325
21254
21229
21135
21058
20976
20926
63969
63916
63806
63784
63713
4283
63610
63711
63699
63760
63784
54908
36298
36311
36239
36133
36173
36277
36322
36260
36347
36436
36313
36230
36299
36226
36324
36387
36278
36227
36226
36234
62016
61929
62048
33188
33132
33168
33133
33023
32918
32938
44983
22791
22888
22811
22925
22888
50600
50598
50671
50578
50539
18959
18949
18070
18139
18223
13186
13189
13264
15553
29040
28929
55248
